latitude=28.920426
longitude=79.967894
