latitude=12.938146
longitude=77.629441
